=== Insight 1: Summary Statistics ===

The preprocessed dataset contains 100 samples and 13 features.

             Gender           Age  Annual_Income  Spending_Score  Membership_Years  Purchase_Frequency  Income_Spending_Interaction         PCA_1         PCA_2         PCA_3     Age_Bin  Income_Bin  Spending_Bin
count  1.000000e+02  1.000000e+02   1.000000e+02    1.000000e+02      1.000000e+02        1.000000e+02                   100.000000  1.000000e+02  1.000000e+02  1.000000e+02  100.000000  100.000000    100.000000
mean   1.110223e-16 -1.088019e-16   4.440892e-18   -8.881784e-18      5.551115e-17        3.774758e-17                     0.181982  6.217249e-17  3.996803e-17 -4.440892e-18    1.010000    1.000000      1.000000
std    1.005038e+00  1.005038e+00   1.005038e+00    1.005038e+00      1.005038e+00        1.005038e+00                     1.051091  1.895985e+00  1.028722e+00  9.971197e-01    0.810225    0.816497      0.828775
min   -1.040833e+00 -1.455655e+00  -1.549961e+00   -1.894154e+00     -1.291878e+00       -1.593917e+00                    -2.149163 -4.450643e+00 -2.257042e+00 -1.691973e+00    0.000000    0.000000      0.000000
25%   -1.040833e+00 -7.518916e-01  -9.633062e-01   -8.505181e-01     -8.843452e-01       -9.277194e-01                    -0.483234 -1.430908e+00 -8.913575e-01 -9.267860e-01    0.000000    0.000000      0.000000
50%    9.607689e-01 -1.389365e-01   8.073954e-02    3.564698e-01     -6.928050e-02        1.412959e-01                     0.020978  5.976189e-01  7.287175e-02  3.939448e-01    1.000000    1.000000      1.000000
75%    9.607689e-01  6.329329e-01   7.668268e-01    7.920745e-01      3.382518e-01        8.849588e-01                     0.812520  1.595417e+00  7.513943e-01  9.808555e-01    2.000000    2.000000      2.000000
max    9.607689e-01  2.903137e+00   2.029625e+00    1.590683e+00      3.190978e+00        1.752566e+00                     2.712757  2.808741e+00  2.108276e+00  1.405400e+00    2.000000    2.000000      2.000000
